SGDClassifier:
[[0.955 0.    0.003 0.003 0.004 0.011 0.012 0.002 0.003 0.006]
 [0.    0.954 0.003 0.005 0.001 0.006 0.004 0.004 0.023 0.001]
 [0.008 0.009 0.852 0.02  0.016 0.006 0.017 0.025 0.041 0.006]
 [0.002 0.001 0.022 0.865 0.    0.046 0.005 0.01  0.031 0.019]
 [0.003 0.    0.006 0.005 0.87  0.    0.018 0.015 0.019 0.063]
 [0.015 0.009 0.015 0.049 0.021 0.787 0.019 0.013 0.046 0.026]
 [0.013 0.003 0.004 0.002 0.009 0.021 0.932 0.006 0.007 0.002]
 [0.002 0.009 0.021 0.006 0.014 0.002 0.001 0.884 0.008 0.054]
 [0.01  0.024 0.022 0.03  0.029 0.076 0.014 0.016 0.745 0.034]
 [0.012 0.003 0.005 0.012 0.031 0.03  0.    0.066 0.012 0.83 ]]
Softmax:
[[0.946 0.    0.004 0.004 0.001 0.014 0.016 0.001 0.011 0.002]
 [0.    0.961 0.008 0.004 0.001 0.005 0.002 0.006 0.012 0.001]
 [0.009 0.008 0.852 0.031 0.016 0.005 0.016 0.021 0.035 0.008]
 [0.001 0.    0.03  0.862 0.    0.05  0.    0.01  0.029 0.019]
 [0.002 0.    0.017 0.006 0.875 0.    0.016 0.01  0.016 0.057]
 [0.017 0.012 0.01  0.053 0.012 0.794 0.022 0.008 0.056 0.016]
 [0.009 0.004 0.016 0.002 0.014 0.02  0.922 0.007 0.006 0.   ]
 [0.004 0.008 0.024 0.008 0.009 0.004 0.001 0.892 0.006 0.045]
 [0.009 0.014 0.03  0.036 0.009 0.048 0.009 0.008 0.817 0.018]
 [0.009 0.004 0.006 0.018 0.046 0.015 0.002 0.04  0.015 0.846]]
